left_foot_indexes: 36
0
36
48
67
81
94
109
110
137
152
179
181
189
206
209
216
229
231
232
235
239
240
241
284
293
296
307
316
328
356
380
412
470
518
601
818
right_foot_indexes: 39
17
18
27
29
37
47
49
64
66
82
93
98
108
121
122
139
153
207
211
288
289
291
300
324
330
346
401
431
433
507
574
580
584
606
641
677
682
743
794
increase_count: 20
0.01 0.005214482168007697
0.01 0.005086084311157218
0.009999999999999998 0.0048324501788199765
0.010000000000000002 0.004459825085097551
0.010000000000000002 0.003977384296469145
0.009999999999999995 0.0033970071062799957
0.010000000000000009 0.0027329843271140138
0.009999999999999995 0.0020016664035595218
0.009999999999999995 0.0012210608099994733
0.010000000000000009 0.000410388646828741
0.009999999999999995 -0.000410388646828741
0.009999999999999995 -0.0012210608099994733
0.010000000000000009 -0.0020016664035595287
0.010000000000000009 -0.0027329843271140172
0.009999999999999981 -0.0033970071062799853
0.010000000000000009 -0.003977384296469162
0.010000000000000009 -0.0044598250850975425
0.009999999999999981 -0.004832450178819966
0.010000000000000009 -0.005086084311157232
0.010000000000000009 -0.005214482168007695
